#Parameters = {D_center=12; L1=25; L2=2.5; L3=2; L4=18; L_diff=2.83; L_sub=48.06; W_50=1.36; W_sub=48.06; Z_mid=24.03; cm=0.3; ct=12; g_slot=0.8; h1=2; h2=1; h3=2; h4=2; h_sub=9.75; hole_puncher=0.87365; hole_puncher1=1.7; needle_radius=0.635; nutrient_solution=0.01; pipe_OD=50; pipe_Ri=8; pipe_Ro=10; r_SRR=21.2; r_SRR_in=18.8; sigma_fluid=0.5; spacing=0.4; t_PDMS_microstrip=0.35; t_SRR=2; t_gnd=2; t_metal=0.5; t_microstrip=2; t_wall=2; w_channel=2; w_diff=2.83}
#"Frequency / GHz"	"S1,1 (59) [Magnitude / dB]"
#----------------------------------------------
1.0000000000000	-0.28211328971720
1.0040000000000	-0.28200320256478
1.0080000000000	-0.28190732386517
1.0120000000000	-0.28182574998489
1.0160000000000	-0.28175857884649
1.0200000000000	-0.28170590996577
1.0240000000000	-0.28166784448982
1.0280000000000	-0.28164448523612
1.0320000000000	-0.28163593673261
1.0360000000000	-0.28164230525859
1.0400000000000	-0.28166369888680
1.0440000000000	-0.28170022752653
1.0480000000000	-0.28175200296773
1.0520000000000	-0.28181913892611
1.0560000000000	-0.28190175108969
1.0600000000000	-0.28199995716633
1.0640000000000	-0.28211387693207
1.0680000000000	-0.28224363228130
1.0720000000000	-0.28238934727795
1.0760000000000	-0.28255114820773
1.0800000000000	-0.28272916363197
1.0840000000000	-0.28292352444243
1.0880000000000	-0.28313436391821
1.0920000000000	-0.28336181778307
1.0960000000000	-0.28360602426525
1.1000000000000	-0.28386712415754
1.1040000000000	-0.28414526088020
1.1080000000000	-0.28444058054483
1.1120000000000	-0.28475323201913
1.1160000000000	-0.28508336699498
1.1200000000000	-0.28543114005655
1.1240000000000	-0.28579670875078
1.1280000000000	-0.28618023366041
1.1320000000000	-0.28658187847754
1.1360000000000	-0.28700181007909
1.1400000000000	-0.28744019860625
1.1440000000000	-0.28789721754289
1.1480000000000	-0.28837304379820
1.1520000000000	-0.28886785779057
1.1560000000000	-0.28938184353353
1.1600000000000	-0.28991518872421
1.1640000000000	-0.29046808483393
1.1680000000000	-0.29104072720049
1.1720000000000	-0.29163331512438
1.1760000000000	-0.29224605196582
1.1800000000000	-0.29287914524399
1.1840000000000	-0.29353280674202
1.1880000000000	-0.29420725260947
1.1920000000000	-0.29490270347252
1.1960000000000	-0.29561938454329
1.2000000000000	-0.29635752573439
1.2040000000000	-0.29711736177483
1.2080000000000	-0.29789913232922
1.2120000000000	-0.29870308212121
1.2160000000000	-0.29952946105825
1.2200000000000	-0.30037852436086
1.2240000000000	-0.30125053269500
1.2280000000000	-0.30214575230730
1.2320000000000	-0.30306445516399
1.2360000000000	-0.30400691909466
1.2400000000000	-0.30497342793748
1.2440000000000	-0.30596427168926
1.2480000000000	-0.30697974666057
1.2520000000000	-0.30802015563270
1.2560000000000	-0.30908580802000
1.2600000000000	-0.31017702003629
1.2640000000000	-0.31129411486509
1.2680000000000	-0.31243742283553
1.2720000000000	-0.31360728159947
1.2760000000000	-0.31480403631891
1.2800000000000	-0.31602803985252
1.2840000000000	-0.31727965294968
1.2880000000000	-0.31855924445042
1.2920000000000	-0.31986719148868
1.2960000000000	-0.32120387970139
1.3000000000000	-0.32256970344330
1.3040000000000	-0.32396506600741
1.3080000000000	-0.32539037985127
1.3120000000000	-0.32684606682729
1.3160000000000	-0.32833255842304
1.3200000000000	-0.32985029600340
1.3240000000000	-0.33139973106058
1.3280000000000	-0.33298132547298
1.3320000000000	-0.33459555176676
1.3360000000000	-0.33624289338696
1.3400000000000	-0.33792384497458
1.3440000000000	-0.33963891265109
1.3480000000000	-0.34138861431046
1.3520000000000	-0.34317347991797
1.3560000000000	-0.34499405181786
1.3600000000000	-0.34685088504777
1.3640000000000	-0.34874454766255
1.3680000000000	-0.35067562106470
1.3720000000000	-0.35264470034512
1.3760000000000	-0.35465239463118
1.3800000000000	-0.35669932744428
1.3840000000000	-0.35878613706712
1.3880000000000	-0.36091347691875
1.3920000000000	-0.36308201594093
1.3960000000000	-0.36529243899308
1.4000000000000	-0.36754544725773
1.4040000000000	-0.36984175865598
1.4080000000000	-0.37218210827375
1.4120000000000	-0.37456724879867
1.4160000000000	-0.37699795096725
1.4200000000000	-0.37947500402365
1.4240000000000	-0.38199921619052
1.4280000000000	-0.38457141515044
1.4320000000000	-0.38719244853927
1.4360000000000	-0.38986318445234
1.4400000000000	-0.39258451196232
1.4440000000000	-0.39535734164973
1.4480000000000	-0.39818260614670
1.4520000000000	-0.40106126069289
1.4560000000000	-0.40399428370523
1.4600000000000	-0.40698267736124
1.4640000000000	-0.41002746819548
1.4680000000000	-0.41312970771021
1.4720000000000	-0.41629047299998
1.4760000000000	-0.41951086739042
1.4800000000000	-0.42279202109178
1.4840000000000	-0.42613509186637
1.4880000000000	-0.42954126571200
1.4920000000000	-0.43301175755799
1.4960000000000	-0.43654781197947
1.5000000000000	-0.44015070392378
1.5040000000000	-0.44382173945349
1.5080000000000	-0.44756225650487
1.5120000000000	-0.45137362566023
1.5160000000000	-0.45525725093744
1.5200000000000	-0.45921457059355
1.5240000000000	-0.46324705794317
1.5280000000000	-0.46735622219322
1.5320000000000	-0.47154360929145
1.5360000000000	-0.47581080279045
1.5400000000000	-0.48015942472578
1.5440000000000	-0.48459113650829
1.5480000000000	-0.48910763983066
1.5520000000000	-0.49371067758663
1.5560000000000	-0.49840203480420
1.5600000000000	-0.50318353958998
1.5640000000000	-0.50805706408608
1.5680000000000	-0.51302452543805
1.5720000000000	-0.51808788677198
1.5760000000000	-0.52324915818191
1.5800000000000	-0.52851039772449
1.5840000000000	-0.53387371242054
1.5880000000000	-0.53934125926311
1.5920000000000	-0.54491524622850
1.5960000000000	-0.55059793329002
1.6000000000000	-0.55639163343312
1.6040000000000	-0.56229871366806
1.6080000000000	-0.56832159603992
1.6120000000000	-0.57446275863227
1.6160000000000	-0.58072473656278
1.6200000000000	-0.58711012296665
1.6240000000000	-0.59362156996616
1.6280000000000	-0.60026178962240
1.6320000000000	-0.60703355486470
1.6360000000000	-0.61393970039533
1.6400000000000	-0.62098312356336
1.6440000000000	-0.62816678520431
1.6480000000000	-0.63549371043975
1.6520000000000	-0.64296698943175
1.6560000000000	-0.65058977808543
1.6600000000000	-0.65836529869426
1.6640000000000	-0.66629684052026
1.6680000000000	-0.67438776030167
1.6720000000000	-0.68264148268098
1.6760000000000	-0.69106150054300
1.6800000000000	-0.69965137525524
1.6840000000000	-0.70841473679966
1.6880000000000	-0.71735528378536
1.6920000000000	-0.72647678333071
1.6960000000000	-0.73578307080272
1.7000000000000	-0.74527804940031
1.7040000000000	-0.75496568956799
1.7080000000000	-0.76485002822434
1.7120000000000	-0.77493516778964
1.7160000000000	-0.78522527499605
1.7200000000000	-0.79572457946195
1.7240000000000	-0.80643737201130
1.7280000000000	-0.81736800271793
1.7320000000000	-0.82852087865329
1.7360000000000	-0.83990046131460
1.7400000000000	-0.85151126370988
1.7440000000000	-0.86335784707406
1.7480000000000	-0.87544481718975
1.7520000000000	-0.88777682028436
1.7560000000000	-0.90035853847432
1.7600000000000	-0.91319468472545
1.7640000000000	-0.92628999729673
1.7680000000000	-0.93964923363427
1.7720000000000	-0.95327716367996
1.7760000000000	-0.96717856255819
1.7800000000000	-0.98135820260285
1.7840000000000	-0.99582084468534
1.7880000000000	-1.0105712288031
1.7920000000000	-1.0256140638873
1.7960000000000	-1.0409540167867
1.8000000000000	-1.0565957003854
1.8040000000000	-1.0725436608089
1.8080000000000	-1.0888023636755
1.8120000000000	-1.1053761793479
1.8160000000000	-1.1222693671405
1.8200000000000	-1.1394860584386
1.8240000000000	-1.1570302386860
1.8280000000000	-1.1749057282006
1.8320000000000	-1.1931161617766
1.8360000000000	-1.2116649670365
1.8400000000000	-1.2305553414995
1.8440000000000	-1.2497902283338
1.8480000000000	-1.2693722907689
1.8520000000000	-1.2893038851464
1.8560000000000	-1.3095870325954
1.8600000000000	-1.3302233893266
1.8640000000000	-1.3512142155470
1.8680000000000	-1.3725603430063
1.8720000000000	-1.3942621412005
1.8760000000000	-1.4163194822667
1.8800000000000	-1.4387317046190
1.8840000000000	-1.4614975753932
1.8880000000000	-1.4846152517806
1.8920000000000	-1.5080822413552
1.8960000000000	-1.5318953615148
1.9000000000000	-1.5560506981835
1.9040000000000	-1.5805435639429
1.9080000000000	-1.6053684557894
1.9120000000000	-1.6305190127389
1.9160000000000	-1.6559879735326
1.9200000000000	-1.6817671347268
1.9240000000000	-1.7078473094810
1.9280000000000	-1.7342182873937
1.9320000000000	-1.7608687957660
1.9360000000000	-1.7877864627109
1.9400000000000	-1.8149577825564
1.9440000000000	-1.8423680840276
1.9480000000000	-1.8700015017215
1.9520000000000	-1.8978409514244
1.9560000000000	-1.9258681098414
1.9600000000000	-1.9540633993432
1.9640000000000	-1.9824059783453
1.9680000000000	-2.0108737379579
1.9720000000000	-2.0394433055518
1.9760000000000	-2.0680900558852
1.9800000000000	-2.0967881304378
1.9840000000000	-2.1255104655753
1.9880000000000	-2.1542288301505
1.9920000000000	-2.1829138731060
1.9960000000000	-2.2115351815995
2.0000000000000	-2.2400613501121
2.0040000000000	-2.2684600609264
2.0080000000000	-2.2966981762781
2.0120000000000	-2.3247418423832
2.0160000000000	-2.3525566054340
2.0200000000000	-2.3801075395330
2.0240000000000	-2.4073593863986
2.0280000000000	-2.4342767065345
2.0320000000000	-2.4608240414005
2.0360000000000	-2.4869660859691
2.0400000000000	-2.5126678708900
2.0440000000000	-2.5378949533262
2.0480000000000	-2.5626136153719
2.0520000000000	-2.5867910688111
2.0560000000000	-2.6103956648442
2.0600000000000	-2.6333971072839
2.0640000000000	-2.6557666676237
2.0680000000000	-2.6774774003012
2.0720000000000	-2.6985043564271
2.0760000000000	-2.7188247942284
2.0800000000000	-2.7384183844628
2.0840000000000	-2.7572674091072
2.0880000000000	-2.7753569517017
2.0920000000000	-2.7926750778460
2.0960000000000	-2.8092130044978
2.1000000000000	-2.8249652569079
2.1040000000000	-2.8399298122439
2.1080000000000	-2.8541082292052
2.1120000000000	-2.8675057632015
2.1160000000000	-2.8801314669673
2.1200000000000	-2.8919982767927
2.1240000000000	-2.9031230848806
2.1280000000000	-2.9135267986698
2.1320000000000	-2.9232343883014
2.1360000000000	-2.9322749237386
2.1400000000000	-2.9406816033816
2.1440000000000	-2.9484917763356
2.1480000000000	-2.9557469608061
2.1520000000000	-2.9624928613895
2.1560000000000	-2.9687793883176
2.1600000000000	-2.9746606819897
2.1640000000000	-2.9801951463980
2.1680000000000	-2.9854454953162
2.1720000000000	-2.9904788153901
2.1760000000000	-2.9953666505473
2.1800000000000	-3.0001851124346
2.1840000000000	-3.0050150219141
2.1880000000000	-3.0099420870086
2.1920000000000	-3.0150571230941
2.1960000000000	-3.0204563216165
2.2000000000000	-3.0262415741639
2.2040000000000	-3.0325208593877
2.2080000000000	-3.0394087010461
2.2120000000000	-3.0470267063714
2.2160000000000	-3.0555041950670
2.2200000000000	-3.0649789305479
2.2240000000000	-3.0755979665940
2.2280000000000	-3.0875186244246
2.2320000000000	-3.1009096173841
2.2360000000000	-3.1159523430040
2.2400000000000	-3.1328423652552
2.2440000000000	-3.1517911134036
2.2480000000000	-3.1730278281380
2.2520000000000	-3.1968017906696
2.2560000000000	-3.2233848764521
2.2600000000000	-3.2530744822218
2.2640000000000	-3.2861968834085
2.2680000000000	-3.3231110888974
2.2720000000000	-3.3642132719249
2.2760000000000	-3.4099418699818
2.2800000000000	-3.4607834634378
2.2840000000000	-3.5172795628199
2.2880000000000	-3.5800344590239
2.2920000000000	-3.6497243202121
2.2960000000000	-3.7271077550178
2.3000000000000	-3.8130381056156
2.3040000000000	-3.9084777884835
2.3080000000000	-4.0145150683130
2.3120000000000	-4.1323837357453
2.3160000000000	-4.2634862683439
2.3200000000000	-4.4094211948869
2.3240000000000	-4.5720155678768
2.3280000000000	-4.7533636959025
2.3320000000000	-4.9558736223904
2.3360000000000	-5.1823232992138
2.3400000000000	-5.4359290503803
2.3440000000000	-5.7204298382924
2.3480000000000	-6.0401921589604
2.3520000000000	-6.4003422848034
2.3560000000000	-6.8069352953646
2.3600000000000	-7.2671742015094
2.3640000000000	-7.7896977688863
2.3680000000000	-8.3849622981721
2.3720000000000	-9.0657489611911
2.3760000000000	-9.8478271640344
2.3800000000000	-10.750770362317
2.3840000000000	-11.798767206846
2.3880000000000	-13.020701427016
2.3920000000000	-14.446752916232
2.3960000000000	-16.091716820389
2.4000000000000	-17.892809494499
2.4040000000000	-19.530867754106
2.4080000000000	-20.240636258713
2.4120000000000	-19.475014874393
2.4160000000000	-17.802482610032
2.4200000000000	-15.979609268783
2.4240000000000	-14.315996902765
2.4280000000000	-12.870956744374
2.4320000000000	-11.628800931998
2.4360000000000	-10.559217051951
2.4400000000000	-9.6333853775103
2.4440000000000	-8.8272226018830
2.4480000000000	-8.1212627181013
2.4520000000000	-7.4998379454726
2.4560000000000	-6.9502625678117
2.4600000000000	-6.4621704140221
2.4640000000000	-6.0270080918562
2.4680000000000	-5.6376533769675
2.4720000000000	-5.2881273233717
2.4760000000000	-4.9733750061347
2.4800000000000	-4.6890964000598
2.4840000000000	-4.4316141422515
2.4880000000000	-4.1977687524476
2.4920000000000	-3.9848345836291
2.4960000000000	-3.7904516564942
2.5000000000000	-3.6125698417738
2.5040000000000	-3.4494027725753
2.5080000000000	-3.2993895188218
2.5120000000000	-3.1611625217122
2.5160000000000	-3.0335206249242
2.5200000000000	-2.9154062894996
2.5240000000000	-2.8058862670229
2.5280000000000	-2.7041351486376
2.5320000000000	-2.6094213178452
2.5360000000000	-2.5210949214588
2.5400000000000	-2.4385775415132
2.5440000000000	-2.3613533057077
2.5480000000000	-2.2889612181700
2.5520000000000	-2.2209885283183
2.5560000000000	-2.1570649850657
2.5600000000000	-2.0968578478970
2.5640000000000	-2.0400675464413
2.5680000000000	-1.9864238968753
2.5720000000000	-1.9356827974284
2.5760000000000	-1.8876233369315
2.5800000000000	-1.8420452601438
2.5840000000000	-1.7987667418369
2.5880000000000	-1.7576224285681
2.5920000000000	-1.7184617129581
2.5960000000000	-1.6811472102670
2.6000000000000	-1.6455534112967
2.6040000000000	-1.6115654892428
2.6080000000000	-1.5790782411857
2.6120000000000	-1.5479951475299
2.6160000000000	-1.5182275349380
2.6200000000000	-1.4896938302209
2.6240000000000	-1.4623188942972
2.6280000000000	-1.4360334267421
2.6320000000000	-1.4107734326676
2.6360000000000	-1.3864797447259
2.6400000000000	-1.3630975939313
2.6440000000000	-1.3405762237825
2.6480000000000	-1.3188685428470
2.6520000000000	-1.2979308115563
2.6560000000000	-1.2777223594744
2.6600000000000	-1.2582053297482
2.6640000000000	-1.2393444478352
2.6680000000000	-1.2211068119444
2.6720000000000	-1.2034617029214
2.6760000000000	-1.1863804115694
2.6800000000000	-1.1698360816238
2.6840000000000	-1.1538035667979
2.6880000000000	-1.1382593004940
2.6920000000000	-1.1231811769256
2.6960000000000	-1.1085484425354
2.7000000000000	-1.0943415967127
2.7040000000000	-1.0805423009177
2.7080000000000	-1.0671332954190
2.7120000000000	-1.0540983229274
2.7160000000000	-1.0414220584884
2.7200000000000	-1.0290900450576
2.7240000000000	-1.0170886342426
2.7280000000000	-1.0054049317476
2.7320000000000	-0.99402674710099
2.7360000000000	-0.98294254728900
2.7400000000000	-0.97214141395512
2.7440000000000	-0.96161300385688
2.7480000000000	-0.95134751230184
2.7520000000000	-0.94133563931075
2.7560000000000	-0.93156855827934
2.7600000000000	-0.92203788693166
2.7640000000000	-0.91273566037665
2.7680000000000	-0.90365430609710
2.7720000000000	-0.89478662071544
2.7760000000000	-0.88612574839472
2.7800000000000	-0.87766516074579
2.7840000000000	-0.86939863812307
2.7880000000000	-0.86132025220138
2.7920000000000	-0.85342434973587
2.7960000000000	-0.84570553741526
2.8000000000000	-0.83815866772645
2.8040000000000	-0.83077882575521
2.8080000000000	-0.82356131685427
2.8120000000000	-0.81650165511563
2.8160000000000	-0.80959555258916
2.8200000000000	-0.80283890919432
2.8240000000000	-0.79622780327616
2.8280000000000	-0.78975848276080
2.8320000000000	-0.78342735686873
2.8360000000000	-0.77723098834842
2.8400000000000	-0.77116608619471
2.8440000000000	-0.76522949882017
2.8480000000000	-0.75941820764929
2.8520000000000	-0.75372932110849
2.8560000000000	-0.74816006898632
2.8600000000000	-0.74270779714068
2.8640000000000	-0.73736996253158
2.8680000000000	-0.73214412855941
2.8720000000000	-0.72702796069051
2.8760000000000	-0.72201922235298
2.8800000000000	-0.71711577108723
2.8840000000000	-0.71231555493679
2.8880000000000	-0.70761660906594
2.8920000000000	-0.70301705259213
2.8960000000000	-0.69851508562171
2.9000000000000	-0.69410898647857
2.9040000000000	-0.68979710911628
2.9080000000000	-0.68557788070462
2.9120000000000	-0.68144979938286
2.9160000000000	-0.67741143217200
2.9200000000000	-0.67346141303963
2.9240000000000	-0.66959844111098
2.9280000000000	-0.66582127902082
2.9320000000000	-0.66212875140126
2.9360000000000	-0.65851974350070
2.9400000000000	-0.65499319993039
2.9440000000000	-0.65154812353476
2.9480000000000	-0.64818357438269
2.9520000000000	-0.64489866887709
2.9560000000000	-0.64169257898063
2.9600000000000	-0.63856453155602
2.9640000000000	-0.63551380781932
2.9680000000000	-0.63253974290570
2.9720000000000	-0.62964172554685
2.9760000000000	-0.62681919786028
2.9800000000000	-0.62407165525056
2.9840000000000	-0.62139864642357
2.9880000000000	-0.61879977351458
2.9920000000000	-0.61627469233212
2.9960000000000	-0.61382311271930
3.0000000000000	-0.61144479903545
3.0040000000000	-0.60913957076069
3.0080000000000	-0.60690730322702
3.0120000000000	-0.60474792847988
3.0160000000000	-0.60266143627447
3.0200000000000	-0.60064787521200
3.0240000000000	-0.59870735402129
3.0280000000000	-0.59684004299196
3.0320000000000	-0.59504617556602
3.0360000000000	-0.59332605009530
3.0400000000000	-0.59168003177303
3.0440000000000	-0.59010855474830
3.0480000000000	-0.58861212443357
3.0520000000000	-0.58719132001547
3.0560000000000	-0.58584679718069
3.0600000000000	-0.58457929106958
3.0640000000000	-0.58338961947076
3.0680000000000	-0.58227868627189
3.0720000000000	-0.58124748518216
3.0760000000000	-0.58029710374411
3.0800000000000	-0.57942872765288
3.0840000000000	-0.57864364540360
3.0880000000000	-0.57794325328802
3.0920000000000	-0.57732906076397
3.0960000000000	-0.57680269622276
3.1000000000000	-0.57636591318144
3.1040000000000	-0.57602059692909
3.1080000000000	-0.57576877165825
3.1120000000000	-0.57561260811494
3.1160000000000	-0.57555443180331
3.1200000000000	-0.57559673178323
3.1240000000000	-0.57574217010180
3.1280000000000	-0.57599359190308
3.1320000000000	-0.57635403626206
3.1360000000000	-0.57682674779350
3.1400000000000	-0.57741518908754
3.1440000000000	-0.57812305402870
3.1480000000000	-0.57895428205656
3.1520000000000	-0.57991307343063
3.1560000000000	-0.58100390556378
3.1600000000000	-0.58223155049194
3.1640000000000	-0.58360109354993
3.1680000000000	-0.58511795332479
3.1720000000000	-0.58678790295937
3.1760000000000	-0.58861709287957
3.1800000000000	-0.59061207501664
3.1840000000000	-0.59277982859456
3.1880000000000	-0.59512778754709
3.1920000000000	-0.59766386962303
3.1960000000000	-0.60039650722713
3.2000000000000	-0.60333468003033
3.2040000000000	-0.60648794936414
3.2080000000000	-0.60986649438813
3.2120000000000	-0.61348114998725
3.2160000000000	-0.61734344631259
3.2200000000000	-0.62146564982648
3.2240000000000	-0.62586080564470
3.2280000000000	-0.63054278088359
3.2320000000000	-0.63552630861375
3.2360000000000	-0.64082703189484
3.2400000000000	-0.64646154719966
3.2440000000000	-0.65244744634448
3.2480000000000	-0.65880335579905
3.2520000000000	-0.66554897195876
3.2560000000000	-0.67270509061023
3.2600000000000	-0.68029362839483
3.2640000000000	-0.68833763356910
3.2680000000000	-0.69686128275533
3.2720000000000	-0.70588985966010
3.2760000000000	-0.71544971089536
3.2800000000000	-0.72556817306078
3.2840000000000	-0.73627346410909
3.2880000000000	-0.74759453072668
3.2920000000000	-0.75956084200333
3.2960000000000	-0.77220211805979
3.3000000000000	-0.78554798055894
3.3040000000000	-0.79962751020472
3.3080000000000	-0.81446869450966
3.3120000000000	-0.83009774740268
3.3160000000000	-0.84653828084921
3.3200000000000	-0.86381030780916
3.3240000000000	-0.88192905592804
3.3280000000000	-0.90090357278180
3.3320000000000	-0.92073510689519
3.3360000000000	-0.94141525479130
3.3400000000000	-0.96292387387669
3.3440000000000	-0.98522677489113
3.3480000000000	-1.0082732268489
3.3520000000000	-1.0319933326049
3.3560000000000	-1.0562953647336
3.3600000000000	-1.0810631890153
3.3640000000000	-1.1061539451018
3.3680000000000	-1.1313961980565
3.3720000000000	-1.1565888157608
3.3760000000000	-1.1815008588981
3.3800000000000	-1.2058727836819
3.3840000000000	-1.2294192426925
3.3880000000000	-1.2518337162694
3.3920000000000	-1.2727951082898
3.3960000000000	-1.2919762933846
3.4000000000000	-1.3090544132913
3.4040000000000	-1.3237225039504
3.4080000000000	-1.3357018185092
3.4120000000000	-1.3447540291895
3.4160000000000	-1.3506923800714
3.4200000000000	-1.3533908546859
3.4240000000000	-1.3527905340120
3.4280000000000	-1.3489025479969
3.4320000000000	-1.3418073400354
3.4360000000000	-1.3316503228680
3.4400000000000	-1.3186343506120
3.4440000000000	-1.3030097125831
3.4480000000000	-1.2850625320754
3.4520000000000	-1.2651025108125
3.4560000000000	-1.2434509036053
3.4600000000000	-1.2204294623603
3.4640000000000	-1.1963508888373
3.4680000000000	-1.1715111179143
3.4720000000000	-1.1461835486157
3.4760000000000	-1.1206151702726
3.4800000000000	-1.0950244067928
3.4840000000000	-1.0696004247571
3.4880000000000	-1.0445036158965
3.4920000000000	-1.0198669627045
3.4960000000000	-0.99579801755245
3.5000000000000	-0.97238126136480
3.5040000000000	-0.94968064994694
3.5080000000000	-0.92774219874245
3.5120000000000	-0.90659649636037
3.5160000000000	-0.88626107155734
3.5200000000000	-0.86674256661918
3.5240000000000	-0.84803869226418
3.5280000000000	-0.83013995580512
3.5320000000000	-0.81303116614333
3.5360000000000	-0.79669272710004
3.5400000000000	-0.78110173546251
3.5440000000000	-0.76623290269138
3.5480000000000	-0.75205932013853
3.5520000000000	-0.73855308737797
3.5560000000000	-0.72568582225840
3.5600000000000	-0.71342906984246
3.5640000000000	-0.70175462572990
3.5680000000000	-0.69063478751694
3.5720000000000	-0.68004254643046
3.5760000000000	-0.66995172955348
3.5800000000000	-0.66033710157009
3.5840000000000	-0.65117443361506
3.5880000000000	-0.64244054562752
3.5920000000000	-0.63411332756994
3.5960000000000	-0.62617174397593
3.6000000000000	-0.61859582552219
3.6040000000000	-0.61136665066490
3.6080000000000	-0.60446631982893
3.6120000000000	-0.59787792417349
3.6160000000000	-0.59158551056967
3.6200000000000	-0.58557404410264
3.6240000000000	-0.57982936914380
3.6280000000000	-0.57433816981769
3.6320000000000	-0.56908793050737
3.6360000000000	-0.56406689689411
3.6400000000000	-0.55926403790623
3.6440000000000	-0.55466900885493
3.6480000000000	-0.55027211595553
3.6520000000000	-0.54606428236970
3.6560000000000	-0.54203701585396
3.6600000000000	-0.53818237805983
3.6640000000000	-0.53449295549981
3.6680000000000	-0.53096183216914
3.6720000000000	-0.52758256379487
3.6760000000000	-0.52434915366968
3.6800000000000	-0.52125603001764
3.6840000000000	-0.51829802483176
3.6880000000000	-0.51547035411825
3.6920000000000	-0.51276859947910
3.6960000000000	-0.51018869096290
3.7000000000000	-0.50772689111328
3.7040000000000	-0.50537978014439
3.7080000000000	-0.50314424217383
3.7120000000000	-0.50101745244458
3.7160000000000	-0.49899686546915
3.7200000000000	-0.49708020403100
3.7240000000000	-0.49526544898016
3.7280000000000	-0.49355082976183
3.7320000000000	-0.49193481561922
3.7360000000000	-0.49041610741299
3.7400000000000	-0.48899363000265
3.7440000000000	-0.48766652513605
3.7480000000000	-0.48643414479572
3.7520000000000	-0.48529604495195
3.7560000000000	-0.48425197967436
3.7600000000000	-0.48330189555522
3.7640000000000	-0.48244592639930
3.7680000000000	-0.48168438813623
3.7720000000000	-0.48101777391315
3.7760000000000	-0.48044674932658
3.7800000000000	-0.47997214775372
3.7840000000000	-0.47959496574541
3.7880000000000	-0.47931635844354
3.7920000000000	-0.47913763498842
3.7960000000000	-0.47906025388223
3.8000000000000	-0.47908581827717
3.8040000000000	-0.47921607115869
3.8080000000000	-0.47945289039620
3.8120000000000	-0.47979828363607
3.8160000000000	-0.48025438301435
3.8200000000000	-0.48082343966921
3.8240000000000	-0.48150781803627
3.8280000000000	-0.48230998991322
3.8320000000000	-0.48323252828353
3.8360000000000	-0.48427810089311
3.8400000000000	-0.48544946357743
3.8440000000000	-0.48674945334147
3.8480000000000	-0.48818098119884
3.8520000000000	-0.48974702478169
3.8560000000000	-0.49145062073757
3.8600000000000	-0.49329485693508
3.8640000000000	-0.49528286450470
3.8680000000000	-0.49741780974736
3.8720000000000	-0.49970288594799
3.8760000000000	-0.50214130513708
3.8800000000000	-0.50473628984819
3.8840000000000	-0.50749106492501
3.8880000000000	-0.51040884943548
3.8920000000000	-0.51349284875609
3.8960000000000	-0.51674624689281
3.9000000000000	-0.52017219910928
3.9040000000000	-0.52377382493571
3.9080000000000	-0.52755420163490
3.9120000000000	-0.53151635820326
3.9160000000000	-0.53566326998613
3.9200000000000	-0.53999785398725
3.9240000000000	-0.54452296495142
3.9280000000000	-0.54924139229867
3.9320000000000	-0.55415585798595
3.9360000000000	-0.55926901536951
3.9400000000000	-0.56458344913795
3.9440000000000	-0.57010167638070
3.9480000000000	-0.57582614885288
3.9520000000000	-0.58175925649044
3.9560000000000	-0.58790333222477
3.9600000000000	-0.59426065813789
3.9640000000000	-0.60083347299408
3.9680000000000	-0.60762398117550
3.9720000000000	-0.61463436304261
3.9760000000000	-0.62186678673428
3.9800000000000	-0.62932342141429
3.9840000000000	-0.63700645196581
3.9880000000000	-0.64491809512967
3.9920000000000	-0.65306061707665
3.9960000000000	-0.66143635240129
4.0000000000000	-0.67004772451980
4.0040000000000	-0.67889726745449
4.0080000000000	-0.68798764898500
4.0120000000000	-0.69732169514786
4.0160000000000	-0.70690241606732
4.0200000000000	-0.71673303310400
4.0240000000000	-0.72681700731201
4.0280000000000	-0.73715806920239
4.0320000000000	-0.74776024981734
4.0360000000000	-0.75862791312958
4.0400000000000	-0.76976578979200
4.0440000000000	-0.78117901227456
4.0480000000000	-0.79287315143959
4.0520000000000	-0.80485425462179
4.0560000000000	-0.81712888529608
4.0600000000000	-0.82970416443466
4.0640000000000	-0.84258781367467
4.0680000000000	-0.85578820043910
4.0720000000000	-0.86931438517666
4.0760000000000	-0.88317617091100
4.0800000000000	-0.89738415531621
4.0840000000000	-0.91194978556378
4.0880000000000	-0.92688541621650
4.0920000000000	-0.94220437047765
4.0960000000000	-0.95792100513855
4.1000000000000	-0.97405077960540
4.1040000000000	-0.99061032942711
4.1080000000000	-1.0076175447897
4.1120000000000	-1.0250916544910
4.1160000000000	-1.0430533159605
4.1200000000000	-1.0615247119482
4.1240000000000	-1.0805296545639
4.1280000000000	-1.1000936974226
4.1320000000000	-1.1202442567205
4.1360000000000	-1.1410107421508
4.1400000000000	-1.1624246986610
4.1440000000000	-1.1845199601490
4.1480000000000	-1.2073328163096
4.1520000000000	-1.2309021939633
4.1560000000000	-1.2552698543355
4.1600000000000	-1.2804806079044
4.1640000000000	-1.3065825486007
4.1680000000000	-1.3336273093287
4.1720000000000	-1.3616703409812
4.1760000000000	-1.3907712173477
4.1800000000000	-1.4209939685655
4.1840000000000	-1.4524074460430
4.1880000000000	-1.4850857220889
4.1920000000000	-1.5191085278231
4.1960000000000	-1.5545617333180
4.2000000000000	-1.5915378743301
4.2040000000000	-1.6301367304372
4.2080000000000	-1.6704659598890
4.2120000000000	-1.7126417970213
4.2160000000000	-1.7567898186691
4.2200000000000	-1.8030457866508
4.2240000000000	-1.8515565740704
4.2280000000000	-1.9024811839110
4.2320000000000	-1.9559918691459
4.2360000000000	-2.0122753643776
4.2400000000000	-2.0715342398059
4.2440000000000	-2.1339883890950
4.2480000000000	-2.1998766634343
4.2520000000000	-2.2694586646949
4.2560000000000	-2.3430167110270
4.2600000000000	-2.4208579883939
4.2640000000000	-2.5033169012841
4.2680000000000	-2.5907576349666
4.2720000000000	-2.6835769399127
4.2760000000000	-2.7822071460189
4.2800000000000	-2.8871194095400
4.2840000000000	-2.9988271884756
4.2880000000000	-3.1178899315915
4.2920000000000	-3.2449169509454
4.2960000000000	-3.3805714258556
4.3000000000000	-3.5255744550266
4.3040000000000	-3.6807090292838
4.3080000000000	-3.8468237346669
4.3120000000000	-4.0248359067828
4.3160000000000	-4.2157338311589
4.3200000000000	-4.4205774046799
4.3240000000000	-4.6404964164958
4.3280000000000	-4.8766852387588
4.3320000000000	-5.1303921883949
4.3360000000000	-5.4029010590447
4.3400000000000	-5.6955012253593
4.3440000000000	-6.0094411491218
4.3480000000000	-6.3458578830912
4.3520000000000	-6.7056720540795
4.3560000000000	-7.0894336077138
4.3600000000000	-7.4970982787423
4.3640000000000	-7.9277088257579
4.3680000000000	-8.3789504329365
4.3720000000000	-8.8465512437195
4.3760000000000	-9.3235173779416
4.3800000000000	-9.7992464201462
4.3840000000000	-10.258681805538
4.3880000000000	-10.681872039795
4.3920000000000	-11.044542215553
4.3960000000000	-11.320382354371
4.4000000000000	-11.485354037526
4.4040000000000	-11.523189073225
4.4080000000000	-11.429922644550
4.4120000000000	-11.215100787073
4.4160000000000	-10.898963342568
4.4200000000000	-10.507188103522
4.4240000000000	-10.065694155711
4.4280000000000	-9.5971574990351
4.4320000000000	-9.1195153567826
4.4360000000000	-8.6459043882452
4.4400000000000	-8.1853307685630
4.4440000000000	-7.7435638320965
4.4480000000000	-7.3239833101320
4.4520000000000	-6.9282767665381
4.4560000000000	-6.5569720925734
4.4600000000000	-6.2098264071504
4.4640000000000	-5.8861022714021
4.4680000000000	-5.5847602154054
4.4720000000000	-5.3045910338777
4.4760000000000	-5.0443055201806
4.4800000000000	-4.8025944468644
4.4840000000000	-4.5781678813493
4.4880000000000	-4.3697802122200
4.4920000000000	-4.1762453335950
4.4960000000000	-3.9964450839282
4.5000000000000	-3.8293330950736
4.5040000000000	-3.6739355540485
4.5080000000000	-3.5293499256322
4.5120000000000	-3.3947423672062
4.5160000000000	-3.2693443456411
4.5200000000000	-3.1524488103597
4.5240000000000	-3.0434061669549
4.5280000000000	-2.9416202181115
4.5320000000000	-2.8465441835932
4.5360000000000	-2.7576768720663
4.5400000000000	-2.6745590499657
4.5440000000000	-2.5967700331901
4.5480000000000	-2.5239245138629
4.5520000000000	-2.4556696250726
4.5560000000000	-2.3916822402321
4.5600000000000	-2.3316664996376
4.5640000000000	-2.2753515543431
4.5680000000000	-2.2224895161625
4.5720000000000	-2.1728536021472
4.5760000000000	-2.1262364620355
4.5800000000000	-2.0824486777628
4.5840000000000	-2.0413174250675
4.5880000000000	-2.0026852884288
4.5920000000000	-1.9664092220124
4.5960000000000	-1.9323596509532
4.6000000000000	-1.9004197091864
4.6040000000000	-1.8704846121776
4.6080000000000	-1.8424611653675
4.6120000000000	-1.8162674120096
4.6160000000000	-1.7918324274665
4.6200000000000	-1.7690962711033
4.6240000000000	-1.7480101118716
4.6280000000000	-1.7285365498105
4.6320000000000	-1.7106501633548
4.6360000000000	-1.6943383220184
4.6400000000000	-1.6796023163484
4.6440000000000	-1.6664588728388
4.6480000000000	-1.6549421418386
4.6520000000000	-1.6451062727565
4.6560000000000	-1.6370287248188
4.6600000000000	-1.6308145054217
4.6640000000000	-1.6266015842442
4.6680000000000	-1.6245678023674
4.6720000000000	-1.6249396837215
4.6760000000000	-1.6280036611296
4.6800000000000	-1.6341203451756
4.6840000000000	-1.6437425721518
4.6880000000000	-1.6574380201629
4.6920000000000	-1.6759170741475
4.6960000000000	-1.7000661268339
4.7000000000000	-1.7309851668306
4.7040000000000	-1.7700254293087
4.7080000000000	-1.8188163753570
4.7120000000000	-1.8792583231605
4.7160000000000	-1.9534329477210
4.7200000000000	-2.0433429657603
4.7240000000000	-2.1503339595353
4.7280000000000	-2.2739997638182
4.7320000000000	-2.4104241794887
4.7360000000000	-2.5499905077482
4.7400000000000	-2.6759556324529
4.7440000000000	-2.7662018635938
4.7480000000000	-2.8001276300924
4.7520000000000	-2.7683469411528
4.7560000000000	-2.6779058126056
4.7600000000000	-2.5481666115577
4.7640000000000	-2.4012911340058
4.7680000000000	-2.2547956584881
4.7720000000000	-2.1191999579541
4.7760000000000	-1.9991452737489
4.7800000000000	-1.8955208403993
4.7840000000000	-1.8072650705729
4.7880000000000	-1.7325234886905
4.7920000000000	-1.6692785741990
4.7960000000000	-1.6156449231227
4.8000000000000	-1.5699801971902
4.8040000000000	-1.5309050288134
4.8080000000000	-1.4972831150338
4.8120000000000	-1.4681874303728
4.8160000000000	-1.4428646597659
4.8200000000000	-1.4207028756452
4.8240000000000	-1.4012040663363
4.8280000000000	-1.3839615885121
4.8320000000000	-1.3686420088314
4.8360000000000	-1.3549706267430
4.8400000000000	-1.3427199864494
4.8440000000000	-1.3317007731528
4.8480000000000	-1.3217545928197
4.8520000000000	-1.3127482329141
4.8560000000000	-1.3045690858134
4.8600000000000	-1.2971214855267
4.8640000000000	-1.2903237632051
4.8680000000000	-1.2841058699755
4.8720000000000	-1.2784074490973
4.8760000000000	-1.2731762653663
4.8800000000000	-1.2683669197251
4.8840000000000	-1.2639397925422
4.8880000000000	-1.2598601710232
4.8920000000000	-1.2560975255376
4.8960000000000	-1.2526249069020
4.9000000000000	-1.2494184423288
4.9040000000000	-1.2464569121979
4.9080000000000	-1.2437213933060
4.9120000000000	-1.2411949570161
4.9160000000000	-1.2388624129223
4.9200000000000	-1.2367100903955
4.9240000000000	-1.2347256517705
4.9280000000000	-1.2328979320610
4.9320000000000	-1.2312168009903
4.9360000000000	-1.2296730438616
4.9400000000000	-1.2282582583815
4.9440000000000	-1.2269647650407
4.9480000000000	-1.2257855290467
4.9520000000000	-1.2247140921330
4.9560000000000	-1.2237445128358
4.9600000000000	-1.2228713140503
4.9640000000000	-1.2220894368640
4.9680000000000	-1.2213941998150
4.9720000000000	-1.2207812628535
4.9760000000000	-1.2202465953888
4.9800000000000	-1.2197864478957
4.9840000000000	-1.2193973266285
4.9880000000000	-1.2190759710538
4.9920000000000	-1.2188193336696
4.9960000000000	-1.2186245619204
5.0000000000000	-1.2184889819599
