#Parameters = {D_center=12; L1=25; L2=2.5; L3=2; L4=18; L_diff=2.83; L_sub=48.06; W_50=1.36; W_sub=48.06; Z_mid=24.03; cm=0.3; ct=12; g_slot=0.8; h1=2; h2=1; h3=2; h4=2; h_sub=9.75; hole_puncher=0.87365; hole_puncher1=1.7; needle_radius=0.635; nutrient_solution=0.01; pipe_OD=50; pipe_Ri=8; pipe_Ro=10; r_SRR=21.2; r_SRR_in=18.8; sigma_fluid=0.5; spacing=0.4; t_PDMS_microstrip=0.35; t_SRR=2; t_gnd=2; t_metal=0.5; t_microstrip=2; t_wall=2; w_channel=2; w_diff=2.83}
#"Frequency / GHz"	"S1,1 (r_SRR=21.2) [Magnitude / dB]"
#------------------------------------------------------
1.0000000000000	-0.18067776849860
1.0040000000000	-0.17760801691611
1.0080000000000	-0.17463563051395
1.0120000000000	-0.17176125297617
1.0160000000000	-0.16898551549813
1.0200000000000	-0.16630903623819
1.0240000000000	-0.16373241976322
1.0280000000000	-0.16125625648826
1.0320000000000	-0.15888112211092
1.0360000000000	-0.15660757704063
1.0400000000000	-0.15443616582330
1.0440000000000	-0.15236741656195
1.0480000000000	-0.15040184033356
1.0520000000000	-0.14853993060274
1.0560000000000	-0.14678216263285
1.0600000000000	-0.14512899289486
1.0640000000000	-0.14358085847480
1.0680000000000	-0.14213817648007
1.0720000000000	-0.14080134344558
1.0760000000000	-0.13957073474020
1.0800000000000	-0.13844670397381
1.0840000000000	-0.13742958240663
1.0880000000000	-0.13651967836027
1.0920000000000	-0.13571727663233
1.0960000000000	-0.13502263791452
1.1000000000000	-0.13443599821569
1.1040000000000	-0.13395756829017
1.1080000000000	-0.13358753307238
1.1120000000000	-0.13332605111852
1.1160000000000	-0.13317325405633
1.1200000000000	-0.13312924604382
1.1240000000000	-0.13319410323730
1.1280000000000	-0.13336787327085
1.1320000000000	-0.13365057474690
1.1360000000000	-0.13404219673972
1.1400000000000	-0.13454269831195
1.1440000000000	-0.13515200804692
1.1480000000000	-0.13587002359502
1.1520000000000	-0.13669661123796
1.1560000000000	-0.13763160547004
1.1600000000000	-0.13867480859815
1.1640000000000	-0.13982599036166
1.1680000000000	-0.14108488757288
1.1720000000000	-0.14245120377954
1.1760000000000	-0.14392460895014
1.1800000000000	-0.14550473918303
1.1840000000000	-0.14719119644062
1.1880000000000	-0.14898354830993
1.1920000000000	-0.15088132778966
1.1960000000000	-0.15288403310592
1.2000000000000	-0.15499112755696
1.2040000000000	-0.15720203938811
1.2080000000000	-0.15951616169788
1.2120000000000	-0.16193285237645
1.2160000000000	-0.16445143407730
1.2200000000000	-0.16707119422291
1.2240000000000	-0.16979138504561
1.2280000000000	-0.17261122366454
1.2320000000000	-0.17552989219949
1.2360000000000	-0.17854653792225
1.2400000000000	-0.18166027344699
1.2440000000000	-0.18487017695990
1.2480000000000	-0.18817529248857
1.2520000000000	-0.19157463021306
1.2560000000000	-0.19506716681777
1.2600000000000	-0.19865184588615
1.2640000000000	-0.20232757833771
1.2680000000000	-0.20609324290907
1.2720000000000	-0.20994768667838
1.2760000000000	-0.21388972563430
1.2800000000000	-0.21791814529006
1.2840000000000	-0.22203170134226
1.2880000000000	-0.22622912037561
1.2920000000000	-0.23050910061314
1.2960000000000	-0.23487031271253
1.3000000000000	-0.23931140060862
1.3040000000000	-0.24383098240225
1.3080000000000	-0.24842765129499
1.3120000000000	-0.25309997657073
1.3160000000000	-0.25784650462325
1.3200000000000	-0.26266576002992
1.3240000000000	-0.26755624667099
1.3280000000000	-0.27251644889547
1.3320000000000	-0.27754483273159
1.3360000000000	-0.28263984714261
1.3400000000000	-0.28779992532754
1.3440000000000	-0.29302348606585
1.3480000000000	-0.29830893510597
1.3520000000000	-0.30365466659712
1.3560000000000	-0.30905906456363
1.3600000000000	-0.31452050442135
1.3640000000000	-0.32003735453515
1.3680000000000	-0.32560797781736
1.3720000000000	-0.33123073336574
1.3760000000000	-0.33690397814058
1.3800000000000	-0.34262606868016
1.3840000000000	-0.34839536285340
1.3880000000000	-0.35421022164926
1.3920000000000	-0.36006901100152
1.3960000000000	-0.36597010364861
1.4000000000000	-0.37191188102708
1.4040000000000	-0.37789273519801
1.4080000000000	-0.38391107080555
1.4120000000000	-0.38996530706655
1.4160000000000	-0.39605387979036
1.4200000000000	-0.40217524342814
1.4240000000000	-0.40832787315046
1.4280000000000	-0.41451026695278
1.4320000000000	-0.42072094778778
1.4360000000000	-0.42695846572385
1.4400000000000	-0.43322140012902
1.4440000000000	-0.43950836187978
1.4480000000000	-0.44581799559416
1.4520000000000	-0.45214898188851
1.4560000000000	-0.45850003965768
1.4600000000000	-0.46486992837826
1.4640000000000	-0.47125745043434
1.4680000000000	-0.47766145346620
1.4720000000000	-0.48408083274141
1.4760000000000	-0.49051453354857
1.4800000000000	-0.49696155361410
1.4840000000000	-0.50342094554217
1.4880000000000	-0.50989181927840
1.4920000000000	-0.51637334459798
1.4960000000000	-0.52286475361905
1.5000000000000	-0.52936534334223
1.5040000000000	-0.53587447821768
1.5080000000000	-0.54239159274080
1.5120000000000	-0.54891619407846
1.5160000000000	-0.55544786472723
1.5200000000000	-0.56198626520601
1.5240000000000	-0.56853113678500
1.5280000000000	-0.57508230425368
1.5320000000000	-0.58163967873064
1.5360000000000	-0.58820326051826
1.5400000000000	-0.59477314200554
1.5440000000000	-0.60134951062290
1.5480000000000	-0.60793265185278
1.5520000000000	-0.61452295230052
1.5560000000000	-0.62112090282997
1.5600000000000	-0.62772710176917
1.5640000000000	-0.63434225819127
1.5680000000000	-0.64096719527665
1.5720000000000	-0.64760285376250
1.5760000000000	-0.65425029548653
1.5800000000000	-0.66091070703201
1.5840000000000	-0.66758540348174
1.5880000000000	-0.67427583228929
1.5920000000000	-0.68098357727598
1.5960000000000	-0.68771036276313
1.6000000000000	-0.69445805784927
1.6040000000000	-0.70122868084299
1.6080000000000	-0.70802440386236
1.6120000000000	-0.71484755761309
1.6160000000000	-0.72170063635769
1.6200000000000	-0.72858630308927
1.6240000000000	-0.73550739492393
1.6280000000000	-0.74246692872695
1.6320000000000	-0.74946810698848
1.6360000000000	-0.75651432396585
1.6400000000000	-0.76360917211016
1.6440000000000	-0.77075644879626
1.6480000000000	-0.77796016337597
1.6520000000000	-0.78522454457597
1.6560000000000	-0.79255404826271
1.6600000000000	-0.79995336559818
1.6640000000000	-0.80742743161170
1.6680000000000	-0.81498143421434
1.6720000000000	-0.82262082368442
1.6760000000000	-0.83035132265346
1.6800000000000	-0.83817893662468
1.6840000000000	-0.84610996505705
1.6880000000000	-0.85415101305052
1.6920000000000	-0.86230900366950
1.6960000000000	-0.87059119094437
1.7000000000000	-0.87900517359268
1.7040000000000	-0.88755890950399
1.7080000000000	-0.89626073103540
1.7120000000000	-0.90511936116656
1.7160000000000	-0.91414393056654
1.7200000000000	-0.92334399562717
1.7240000000000	-0.93272955752078
1.7280000000000	-0.94231108234350
1.7320000000000	-0.95209952240826
1.7360000000000	-0.96210633875477
1.7400000000000	-0.97234352494837
1.7440000000000	-0.98282363224160
1.7480000000000	-0.99355979617727
1.7520000000000	-1.0045657647150
1.7560000000000	-1.0158559279672
1.7600000000000	-1.0274453496336
1.7640000000000	-1.0393498002281
1.7680000000000	-1.0515857921954
1.7720000000000	-1.0641706170163
1.7760000000000	-1.0771223844075
1.7800000000000	-1.0904600637215
1.7840000000000	-1.1042035276558
1.7880000000000	-1.1183735983841
1.7920000000000	-1.1329920962210
1.7960000000000	-1.1480818909341
1.8000000000000	-1.1636669558166
1.8040000000000	-1.1797724246298
1.8080000000000	-1.1964246515243
1.8120000000000	-1.2136512740396
1.8160000000000	-1.2314812792773
1.8200000000000	-1.2499450733283
1.8240000000000	-1.2690745540230
1.8280000000000	-1.2889031870533
1.8320000000000	-1.3094660854903
1.8360000000000	-1.3308000926946
1.8400000000000	-1.3529438685747
1.8440000000000	-1.3759379791092
1.8480000000000	-1.3998249889873
1.8520000000000	-1.4246495571593
1.8560000000000	-1.4504585350052
1.8600000000000	-1.4773010667345
1.8640000000000	-1.5052286915125
1.8680000000000	-1.5342954466711
1.8720000000000	-1.5645579711981
1.8760000000000	-1.5960756085042
1.8800000000000	-1.6289105072386
1.8840000000000	-1.6631277186525
1.8880000000000	-1.6987952886945
1.8920000000000	-1.7359843426481
1.8960000000000	-1.7747691596891
1.9000000000000	-1.8152272342302
1.9040000000000	-1.8574393203331
1.9080000000000	-1.9014894547818
1.9120000000000	-1.9474649536142
1.9160000000000	-1.9954563759981
1.9200000000000	-2.0455574482761
1.9240000000000	-2.0978649397971
1.9280000000000	-2.1524784807640
1.9320000000000	-2.2095003107516
1.9360000000000	-2.2690349447626
1.9400000000000	-2.3311887416735
1.9440000000000	-2.3960693576721
1.9480000000000	-2.4637850647839
1.9520000000000	-2.5344439118360
1.9560000000000	-2.6081527022167
1.9600000000000	-2.6850157595986
1.9640000000000	-2.7651334494422
1.9680000000000	-2.8486004206954
1.9720000000000	-2.9355035287724
1.9760000000000	-3.0259193978502
1.9800000000000	-3.1199115780470
1.9840000000000	-3.2175272515369
1.9880000000000	-3.3187934416637
1.9920000000000	-3.4237126813436
1.9960000000000	-3.5322581024322
2.0000000000000	-3.6443679174521
2.0040000000000	-3.7599392805917
2.0080000000000	-3.8788215379528
2.0120000000000	-4.0008089096664
2.0160000000000	-4.1256326909277
2.0200000000000	-4.2529531174592
2.0240000000000	-4.3823511153127
2.0280000000000	-4.5133202464090
2.0320000000000	-4.6452592693696
2.0360000000000	-4.7774658570822
2.0400000000000	-4.9091321413529
2.0440000000000	-5.0393428791072
2.0480000000000	-5.1670771358156
2.0520000000000	-5.2912144352032
2.0560000000000	-5.4105462989110
2.0600000000000	-5.5237939615831
2.0640000000000	-5.6296327646020
2.0680000000000	-5.7267232857903
2.0720000000000	-5.8137486560683
2.0760000000000	-5.8894567843322
2.0800000000000	-5.9527054362560
2.0840000000000	-6.0025074071414
2.0880000000000	-6.0380725321724
2.0920000000000	-6.0588431228458
2.0960000000000	-6.0645196974575
2.1000000000000	-6.0550746023303
2.1040000000000	-6.0307522217822
2.1080000000000	-5.9920557862750
2.1120000000000	-5.9397220967384
2.1160000000000	-5.8746865765389
2.1200000000000	-5.7980417806664
2.1240000000000	-5.7109927599728
2.1280000000000	-5.6148125151989
2.1320000000000	-5.5108002741758
2.1360000000000	-5.4002446198168
2.1400000000000	-5.2843927246045
2.1440000000000	-5.1644262238372
2.1480000000000	-5.0414436610985
2.1520000000000	-4.9164490009969
2.1560000000000	-4.7903454285191
2.1600000000000	-4.6639335212142
2.1640000000000	-4.5379128584674
2.1680000000000	-4.4128861873725
2.1720000000000	-4.2893653664744
2.1760000000000	-4.1677784322853
2.1800000000000	-4.0484772611922
2.1840000000000	-3.9317454196063
2.1880000000000	-3.8178059014876
2.1920000000000	-3.7068285419169
2.1960000000000	-3.5989369679147
2.2000000000000	-3.4942150044177
2.2040000000000	-3.3927124962048
2.2080000000000	-3.2944505378626
2.2120000000000	-3.1994261258217
2.2160000000000	-3.1076162610922
2.2200000000000	-3.0189815403290
2.2240000000000	-2.9334692776883
2.2280000000000	-2.8510162017798
2.2320000000000	-2.7715507717514
2.2360000000000	-2.6949951548853
2.2400000000000	-2.6212669055381
2.2440000000000	-2.5502803822096
2.2480000000000	-2.4819479362525
2.2520000000000	-2.4161809024198
2.2560000000000	-2.3528904182185
2.2600000000000	-2.2919880959815
2.2640000000000	-2.2333865687302
2.2680000000000	-2.1769999282942
2.2720000000000	-2.1227440718073
2.2760000000000	-2.0705369705843
2.2800000000000	-2.0202988735092
2.2840000000000	-1.9719524554056
2.2880000000000	-1.9254229194004
2.2920000000000	-1.8806380610159
2.2960000000000	-1.8375283006085
2.3000000000000	-1.7960266898077
2.3040000000000	-1.7560688967645
2.3080000000000	-1.7175931742988
2.3120000000000	-1.6805403144026
2.3160000000000	-1.6448535920239
2.3200000000000	-1.6104787005887
2.3240000000000	-1.5773636813246
2.3280000000000	-1.5454588481095
2.3320000000000	-1.5147167092804
2.3360000000000	-1.4850918875869
2.3400000000000	-1.4565410392696
2.3440000000000	-1.4290227730597
2.3480000000000	-1.4024975697488
2.3520000000000	-1.3769277028478
2.3560000000000	-1.3522771607471
2.3600000000000	-1.3285115706997
2.3640000000000	-1.3055981248726
2.3680000000000	-1.2835055086474
2.3720000000000	-1.2622038312997
2.3760000000000	-1.2416645591420
2.3800000000000	-1.2218604511786
2.3840000000000	-1.2027654972922
2.3880000000000	-1.1843548589557
2.3920000000000	-1.1666048124466
2.3960000000000	-1.1494926945218
2.4000000000000	-1.1329968505026
2.4040000000000	-1.1170965847057
2.4080000000000	-1.1017721131535
2.4120000000000	-1.0870045184882
2.4160000000000	-1.0727757070125
2.4200000000000	-1.0590683677767
2.4240000000000	-1.0458659336317
2.4280000000000	-1.0331525441663
2.4320000000000	-1.0209130104472
2.4360000000000	-1.0091327814833
2.4400000000000	-0.99779791233537
2.4440000000000	-0.98689503379415
2.4480000000000	-0.97641132355388
2.4520000000000	-0.96633447880838
2.4560000000000	-0.95665269020089
2.4600000000000	-0.94735461706075
2.4640000000000	-0.93842936386293
2.4680000000000	-0.92986645784894
2.4720000000000	-0.92165582775052
2.4760000000000	-0.91378778356012
2.4800000000000	-0.90625299729450
2.4840000000000	-0.89904248470102
2.4880000000000	-0.89214758785792
2.4920000000000	-0.88555995862280
2.4960000000000	-0.87927154288579
2.5000000000000	-0.87327456558600
2.5040000000000	-0.86756151645216
2.5080000000000	-0.86212513643035
2.5120000000000	-0.85695840476391
2.5160000000000	-0.85205452669221
2.5200000000000	-0.84740692173715
2.5240000000000	-0.84300921254769
2.5280000000000	-0.83885521427460
2.5320000000000	-0.83493892444909
2.5360000000000	-0.83125451334047
2.5400000000000	-0.82779631476951
2.5440000000000	-0.82455881735535
2.5480000000000	-0.82153665617536
2.5520000000000	-0.81872460481826
2.5560000000000	-0.81611756781230
2.5600000000000	-0.81371057341096
2.5640000000000	-0.81149876672015
2.5680000000000	-0.80947740315153
2.5720000000000	-0.80764184218756
2.5760000000000	-0.80598754144482
2.5800000000000	-0.80451005102297
2.5840000000000	-0.80320500812745
2.5880000000000	-0.80206813195470
2.5920000000000	-0.80109521882953
2.5960000000000	-0.80028213758476
2.6000000000000	-0.79962482517390
2.6040000000000	-0.79911928250835
2.6080000000000	-0.79876157051088
2.6120000000000	-0.79854780637788
2.6160000000000	-0.79847416004321
2.6200000000000	-0.79853685083706
2.6240000000000	-0.79873214433342
2.6280000000000	-0.79905634938034
2.6320000000000	-0.79950581530747
2.6360000000000	-0.80007692930559
2.6400000000000	-0.80076611397334
2.6440000000000	-0.80156982502642
2.6480000000000	-0.80248454916491
2.6520000000000	-0.80350680209471
2.6560000000000	-0.80463312669893
2.6600000000000	-0.80586009135579
2.6640000000000	-0.80718428839915
2.6680000000000	-0.80860233271861
2.6720000000000	-0.81011086049558
2.6760000000000	-0.81170652807244
2.6800000000000	-0.81338601095148
2.6840000000000	-0.81514600292083
2.6880000000000	-0.81698321530444
2.6920000000000	-0.81889437633313
2.6960000000000	-0.82087623063399
2.7000000000000	-0.82292553883539
2.7040000000000	-0.82503907728460
2.7080000000000	-0.82721363787548
2.7120000000000	-0.82944602798325
2.7160000000000	-0.83173307050360
2.7200000000000	-0.83407160399320
2.7240000000000	-0.83645848290885
2.7280000000000	-0.83889057794209
2.7320000000000	-0.84136477644650
2.7360000000000	-0.84387798295433
2.7400000000000	-0.84642711977948
2.7440000000000	-0.84900912770363
2.7480000000000	-0.85162096674193
2.7520000000000	-0.85425961698513
2.7560000000000	-0.85692207951442
2.7600000000000	-0.85960537738553
2.7640000000000	-0.86230655667830
2.7680000000000	-0.86502268760800
2.7720000000000	-0.86775086569435
2.7760000000000	-0.87048821298460
2.7800000000000	-0.87323187932617
2.7840000000000	-0.87597904368512
2.7880000000000	-0.87872691550578
2.7920000000000	-0.88147273610774
2.7960000000000	-0.88421378011524
2.8000000000000	-0.88694735691503
2.8040000000000	-0.88967081213786
2.8080000000000	-0.89238152915912
2.8120000000000	-0.89507693061416
2.8160000000000	-0.89775447992339
2.8200000000000	-0.90041168282291
2.8240000000000	-0.90304608889559
2.8280000000000	-0.90565529309816
2.8320000000000	-0.90823693727971
2.8360000000000	-0.91078871168683
2.8400000000000	-0.91330835645097
2.8440000000000	-0.91579366305321
2.8480000000000	-0.91824247576240
2.8520000000000	-0.92065269304185
2.8560000000000	-0.92302226892049
2.8600000000000	-0.92534921432436
2.8640000000000	-0.92763159836401
2.8680000000000	-0.92986754957430
2.8720000000000	-0.93205525710244
2.8760000000000	-0.93419297184071
2.8800000000000	-0.93627900750043
2.8840000000000	-0.93831174162364
2.8880000000000	-0.94028961652965
2.8920000000000	-0.94221114019328
2.8960000000000	-0.94407488705196
2.9000000000000	-0.94587949873963
2.9040000000000	-0.94762368474448
2.9080000000000	-0.94930622298899
2.9120000000000	-0.95092596033012
2.9160000000000	-0.95248181297811
2.9200000000000	-0.95397276683271
2.9240000000000	-0.95539787773525
2.9280000000000	-0.95675627163638
2.9320000000000	-0.95804714467810
2.9360000000000	-0.95926976319036
2.9400000000000	-0.96042346360169
2.9440000000000	-0.96150765226414
2.9480000000000	-0.96252180519298
2.9520000000000	-0.96346546772155
2.9560000000000	-0.96433825407242
2.9600000000000	-0.96513984684560
2.9640000000000	-0.96586999642536
2.9680000000000	-0.96652852030712
2.9720000000000	-0.96711530234601
2.9760000000000	-0.96763029192920
2.9800000000000	-0.96807350307404
2.9840000000000	-0.96844501345424
2.9880000000000	-0.96874496335675
2.9920000000000	-0.96897355457167
2.9960000000000	-0.96913104921824
3.0000000000000	-0.96921776850965
3.0040000000000	-0.96923409145971
3.0080000000000	-0.96918045353451
3.0120000000000	-0.96905734525239
3.0160000000000	-0.96886531073530
3.0200000000000	-0.96860494621519
3.0240000000000	-0.96827689849868
3.0280000000000	-0.96788186339352
3.0320000000000	-0.96742058410041
3.0360000000000	-0.96689384957357
3.0400000000000	-0.96630249285378
3.0440000000000	-0.96564738937721
3.0480000000000	-0.96492945526372
3.0520000000000	-0.96414964558795
3.0560000000000	-0.96330895263676
3.0600000000000	-0.96240840415643
3.0640000000000	-0.96144906159274
3.0680000000000	-0.96043201832749
3.0720000000000	-0.95935839791449
3.0760000000000	-0.95822935231800
3.0800000000000	-0.95704606015697
3.0840000000000	-0.95580972495774
3.0880000000000	-0.95452157341795
3.0920000000000	-0.95318285368473
3.0960000000000	-0.95179483364932
3.1000000000000	-0.95035879926092
3.1040000000000	-0.94887605286198
3.1080000000000	-0.94734791154712
3.1120000000000	-0.94577570554801
3.1160000000000	-0.94416077664582
3.1200000000000	-0.94250447661343
3.1240000000000	-0.94080816568899
3.1280000000000	-0.93907321108226
3.1320000000000	-0.93730098551551
3.1360000000000	-0.93549286580009
3.1400000000000	-0.93365023144970
3.1440000000000	-0.93177446333203
3.1480000000000	-0.92986694235905
3.1520000000000	-0.92792904821712
3.1560000000000	-0.92596215813780
3.1600000000000	-0.92396764570938
3.1640000000000	-0.92194687973028
3.1680000000000	-0.91990122310446
3.1720000000000	-0.91783203177859
3.1760000000000	-0.91574065372210
3.1800000000000	-0.91362842794965
3.1840000000000	-0.91149668358563
3.1880000000000	-0.90934673897162
3.1920000000000	-0.90717990081545
3.1960000000000	-0.90499746338257
3.2000000000000	-0.90280070772868
3.2040000000000	-0.90059090097380
3.2080000000000	-0.89836929561651
3.2120000000000	-0.89613712888884
3.2160000000000	-0.89389562215049
3.2200000000000	-0.89164598032150
3.2240000000000	-0.88938939135392
3.2280000000000	-0.88712702574011
3.2320000000000	-0.88486003605809
3.2360000000000	-0.88258955655277
3.2400000000000	-0.88031670275172
3.2440000000000	-0.87804257111569
3.2480000000000	-0.87576823872155
3.2520000000000	-0.87349476297838
3.2560000000000	-0.87122318137385
3.2600000000000	-0.86895451125202
3.2640000000000	-0.86668974961966
3.2680000000000	-0.86442987298160
3.2720000000000	-0.86217583720314
3.2760000000000	-0.85992857739916
3.2800000000000	-0.85768900784847
3.2840000000000	-0.85545802193279
3.2880000000000	-0.85323649209938
3.2920000000000	-0.85102526984574
3.2960000000000	-0.84882518572632
3.3000000000000	-0.84663704937964
3.3040000000000	-0.84446164957507
3.3080000000000	-0.84229975427849
3.3120000000000	-0.84015211073535
3.3160000000000	-0.83801944557137
3.3200000000000	-0.83590246490844
3.3240000000000	-0.83380185449619
3.3280000000000	-0.83171827985786
3.3320000000000	-0.82965238644942
3.3360000000000	-0.82760479983143
3.3400000000000	-0.82557612585288
3.3440000000000	-0.82356695084609
3.3480000000000	-0.82157784183202
3.3520000000000	-0.81960934673489
3.3560000000000	-0.81766199460632
3.3600000000000	-0.81573629585734
3.3640000000000	-0.81383274249801
3.3680000000000	-0.81195180838404
3.3720000000000	-0.81009394946989
3.3760000000000	-0.80825960406744
3.3800000000000	-0.80644919310995
3.3840000000000	-0.80466312042073
3.3880000000000	-0.80290177298573
3.3920000000000	-0.80116552122994
3.3960000000000	-0.79945471929688
3.4000000000000	-0.79776970533047
3.4040000000000	-0.79611080175990
3.4080000000000	-0.79447831558515
3.4120000000000	-0.79287253866517
3.4160000000000	-0.79129374800609
3.4200000000000	-0.78974220605069
3.4240000000000	-0.78821816096790
3.4280000000000	-0.78672184694244
3.4320000000000	-0.78525348446413
3.4360000000000	-0.78381328061659
3.4400000000000	-0.78240142936490
3.4440000000000	-0.78101811184251
3.4480000000000	-0.77966349663631
3.4520000000000	-0.77833774007049
3.4560000000000	-0.77704098648829
3.4600000000000	-0.77577336853203
3.4640000000000	-0.77453500742052
3.4680000000000	-0.77332601322447
3.4720000000000	-0.77214648513922
3.4760000000000	-0.77099651175496
3.4800000000000	-0.76987617132354
3.4840000000000	-0.76878553202324
3.4880000000000	-0.76772465221971
3.4920000000000	-0.76669358072404
3.4960000000000	-0.76569235704775
3.5000000000000	-0.76472101165414
3.5040000000000	-0.76377956620638
3.5080000000000	-0.76286803381193
3.5120000000000	-0.76198641926384
3.5160000000000	-0.76113471927780
3.5200000000000	-0.76031292272643
3.5240000000000	-0.75952101086873
3.5280000000000	-0.75875895757718
3.5320000000000	-0.75802672955979
3.5360000000000	-0.75732428657935
3.5400000000000	-0.75665158166844
3.5440000000000	-0.75600856134104
3.5480000000000	-0.75539516579980
3.5520000000000	-0.75481132913997
3.5560000000000	-0.75425697954964
3.5600000000000	-0.75373203950586
3.5640000000000	-0.75323642596723
3.5680000000000	-0.75277005056291
3.5720000000000	-0.75233281977764
3.5760000000000	-0.75192463513314
3.5800000000000	-0.75154539336618
3.5840000000000	-0.75119498660261
3.5880000000000	-0.75087330252800
3.5920000000000	-0.75058022455494
3.5960000000000	-0.75031563198639
3.6000000000000	-0.75007940017585
3.6040000000000	-0.74987140068427
3.6080000000000	-0.74969150143297
3.6120000000000	-0.74953956685398
3.6160000000000	-0.74941545803652
3.6200000000000	-0.74931903287049
3.6240000000000	-0.74925014618677
3.6280000000000	-0.74920864989420
3.6320000000000	-0.74919439311367
3.6360000000000	-0.74920722230896
3.6400000000000	-0.74924698141496
3.6440000000000	-0.74931351196234
3.6480000000000	-0.74940665320000
3.6520000000000	-0.74952624221417
3.6560000000000	-0.74967211404498
3.6600000000000	-0.74984410180034
3.6640000000000	-0.75004203676692
3.6680000000000	-0.75026574851870
3.6720000000000	-0.75051506502293
3.6760000000000	-0.75078981274365
3.6800000000000	-0.75108981674237
3.6840000000000	-0.75141490077682
3.6880000000000	-0.75176488739721
3.6920000000000	-0.75213959803996
3.6960000000000	-0.75253885311946
3.7000000000000	-0.75296247211763
3.7040000000000	-0.75341027367100
3.7080000000000	-0.75388207565614
3.7120000000000	-0.75437769527278
3.7160000000000	-0.75489694912508
3.7200000000000	-0.75543965330077
3.7240000000000	-0.75600562344873
3.7280000000000	-0.75659467485432
3.7320000000000	-0.75720662251326
3.7360000000000	-0.75784128120366
3.7400000000000	-0.75849846555624
3.7440000000000	-0.75917799012309
3.7480000000000	-0.75987966944468
3.7520000000000	-0.76060331811543
3.7560000000000	-0.76134875084768
3.7600000000000	-0.76211578253423
3.7640000000000	-0.76290422830951
3.7680000000000	-0.76371390360928
3.7720000000000	-0.76454462422901
3.7760000000000	-0.76539620638112
3.7800000000000	-0.76626846675069
3.7840000000000	-0.76716122255031
3.7880000000000	-0.76807429157333
3.7920000000000	-0.76900749224648
3.7960000000000	-0.76996064368092
3.8000000000000	-0.77093356572265
3.8040000000000	-0.77192607900155
3.8080000000000	-0.77293800497971
3.8120000000000	-0.77396916599877
3.8160000000000	-0.77501938532613
3.8200000000000	-0.77608848720067
3.8240000000000	-0.77717629687733
3.8280000000000	-0.77828264067105
3.8320000000000	-0.77940734599985
3.8360000000000	-0.78055024142731
3.8400000000000	-0.78171115670420
3.8440000000000	-0.78288992280959
3.8480000000000	-0.78408637199117
3.8520000000000	-0.78530033780517
3.8560000000000	-0.78653165515553
3.8600000000000	-0.78778016033257
3.8640000000000	-0.78904569105129
3.8680000000000	-0.79032808648899
3.8720000000000	-0.79162718732257
3.8760000000000	-0.79294283576537
3.8800000000000	-0.79427487560361
3.8840000000000	-0.79562315223248
3.8880000000000	-0.79698751269195
3.8920000000000	-0.79836780570209
3.8960000000000	-0.79976388169833
3.9000000000000	-0.80117559286630
3.9040000000000	-0.80260279317658
3.9080000000000	-0.80404533841905
3.9120000000000	-0.80550308623730
3.9160000000000	-0.80697589616270
3.9200000000000	-0.80846362964842
3.9240000000000	-0.80996615010333
3.9280000000000	-0.81148332292585
3.9320000000000	-0.81301501553774
3.9360000000000	-0.81456109741775
3.9400000000000	-0.81612144013547
3.9440000000000	-0.81769591738500
3.9480000000000	-0.81928440501879
3.9520000000000	-0.82088678108146
3.9560000000000	-0.82250292584376
3.9600000000000	-0.82413272183661
3.9640000000000	-0.82577605388528
3.9680000000000	-0.82743280914371
3.9720000000000	-0.82910287712907
3.9760000000000	-0.83078614975638
3.9800000000000	-0.83248252137353
3.9840000000000	-0.83419188879635
3.9880000000000	-0.83591415134413
3.9920000000000	-0.83764921087527
3.9960000000000	-0.83939697182335
4.0000000000000	-0.84115734123344
4.0040000000000	-0.84293022879884
4.0080000000000	-0.84471554689811
4.0120000000000	-0.84651321063256
4.0160000000000	-0.84832313786415
4.0200000000000	-0.85014524925375
4.0240000000000	-0.85197946829995
4.0280000000000	-0.85382572137831
4.0320000000000	-0.85568393778108
4.0360000000000	-0.85755404975752
4.0400000000000	-0.85943599255465
4.0440000000000	-0.86132970445869
4.0480000000000	-0.86323512683698
4.0520000000000	-0.86515220418056
4.0560000000000	-0.86708088414740
4.0600000000000	-0.86902111760621
4.0640000000000	-0.87097285868095
4.0680000000000	-0.87293606479616
4.0720000000000	-0.87491069672272
4.0760000000000	-0.87689671862469
4.0800000000000	-0.87889409810665
4.0840000000000	-0.88090280626195
4.0880000000000	-0.88292281772173
4.0920000000000	-0.88495411070481
4.0960000000000	-0.88699666706833
4.1000000000000	-0.88905047235942
4.1040000000000	-0.89111551586764
4.1080000000000	-0.89319179067839
4.1120000000000	-0.89527929372726
4.1160000000000	-0.89737802585537
4.1200000000000	-0.89948799186571
4.1240000000000	-0.90160920058044
4.1280000000000	-0.90374166489929
4.1320000000000	-0.90588540185903
4.1360000000000	-0.90804043269397
4.1400000000000	-0.91020678289769
4.1440000000000	-0.91238448228580
4.1480000000000	-0.91457356505996
4.1520000000000	-0.91677406987306
4.1560000000000	-0.91898603989555
4.1600000000000	-0.92120952288321
4.1640000000000	-0.92344457124600
4.1680000000000	-0.92569124211836
4.1720000000000	-0.92794959743069
4.1760000000000	-0.93021970398242
4.1800000000000	-0.93250163351623
4.1840000000000	-0.93479546279380
4.1880000000000	-0.93710127367305
4.1920000000000	-0.93941915318679
4.1960000000000	-0.94174919362290
4.2000000000000	-0.94409149260603
4.2040000000000	-0.94644615318089
4.2080000000000	-0.94881328389717
4.2120000000000	-0.95119299889599
4.2160000000000	-0.95358541799814
4.2200000000000	-0.95599066679391
4.2240000000000	-0.95840887673471
4.2280000000000	-0.96084018522647
4.2320000000000	-0.96328473572472
4.2360000000000	-0.96574267783163
4.2400000000000	-0.96821416739483
4.2440000000000	-0.97069936660823
4.2480000000000	-0.97319844411458
4.2520000000000	-0.97571157511019
4.2560000000000	-0.97823894145160
4.2600000000000	-0.98078073176420
4.2640000000000	-0.98333714155308
4.2680000000000	-0.98590837331587
4.2720000000000	-0.98849463665775
4.2760000000000	-0.99109614840876
4.2800000000000	-0.99371313274320
4.2840000000000	-0.99634582130135
4.2880000000000	-0.99899445331356
4.2920000000000	-1.0016592757266
4.2960000000000	-1.0043405433323
4.3000000000000	-1.0070385188992
4.3040000000000	-1.0097534733056
4.3080000000000	-1.0124856856762
4.3120000000000	-1.0152354435207
4.3160000000000	-1.0180030428752
4.3200000000000	-1.0207887884459
4.3240000000000	-1.0235929937561
4.3280000000000	-1.0264159812957
4.3320000000000	-1.0292580826728
4.3360000000000	-1.0321196387692
4.3400000000000	-1.0350009998980
4.3440000000000	-1.0379025259644
4.3480000000000	-1.0408245866293
4.3520000000000	-1.0437675614763
4.3560000000000	-1.0467318401811
4.3600000000000	-1.0497178226843
4.3640000000000	-1.0527259193679
4.3680000000000	-1.0557565512336
4.3720000000000	-1.0588101500860
4.3760000000000	-1.0618871587177
4.3800000000000	-1.0649880310985
4.3840000000000	-1.0681132325678
4.3880000000000	-1.0712632400301
4.3920000000000	-1.0744385421546
4.3960000000000	-1.0776396395777
4.4000000000000	-1.0808670451096
4.4040000000000	-1.0841212839437
4.4080000000000	-1.0874028938709
4.4120000000000	-1.0907124254963
4.4160000000000	-1.0940504424605
4.4200000000000	-1.0974175216645
4.4240000000000	-1.1008142534985
4.4280000000000	-1.1042412420740
4.4320000000000	-1.1076991054611
4.4360000000000	-1.1111884759284
4.4400000000000	-1.1147100001878
4.4440000000000	-1.1182643396433
4.4480000000000	-1.1218521706435
4.4520000000000	-1.1254741847388
4.4560000000000	-1.1291310889423
4.4600000000000	-1.1328236059954
4.4640000000000	-1.1365524746376
4.4680000000000	-1.1403184498801
4.4720000000000	-1.1441223032848
4.4760000000000	-1.1479648232465
4.4800000000000	-1.1518468152809
4.4840000000000	-1.1557691023157
4.4880000000000	-1.1597325249873
4.4920000000000	-1.1637379419417
4.4960000000000	-1.1677862301394
4.5000000000000	-1.1718782851662
4.5040000000000	-1.1760150215473
4.5080000000000	-1.1801973730670
4.5120000000000	-1.1844262930927
4.5160000000000	-1.1887027549033
4.5200000000000	-1.1930277520235
4.5240000000000	-1.1974022985613
4.5280000000000	-1.2018274295513
4.5320000000000	-1.2063042013027
4.5360000000000	-1.2108336917516
4.5400000000000	-1.2154170008184
4.5440000000000	-1.2200552507701
4.5480000000000	-1.2247495865872
4.5520000000000	-1.2295011763353
4.5560000000000	-1.2343112115417
4.5600000000000	-1.2391809075767
4.5640000000000	-1.2441115040395
4.5680000000000	-1.2491042651490
4.5720000000000	-1.2541604801391
4.5760000000000	-1.2592814636587
4.5800000000000	-1.2644685561767
4.5840000000000	-1.2697231243907
4.5880000000000	-1.2750465616415
4.5920000000000	-1.2804402883306
4.5960000000000	-1.2859057523435
4.6000000000000	-1.2914444294761
4.6040000000000	-1.2970578238666
4.6080000000000	-1.3027474684305
4.6120000000000	-1.3085149253004
4.6160000000000	-1.3143617862693
4.6200000000000	-1.3202896732386
4.6240000000000	-1.3263002386689
4.6280000000000	-1.3323951660349
4.6320000000000	-1.3385761702843
4.6360000000000	-1.3448449982994
4.6400000000000	-1.3512034293622
4.6440000000000	-1.3576532756227
4.6480000000000	-1.3641963825701
4.6520000000000	-1.3708346295066
4.6560000000000	-1.3775699300241
4.6600000000000	-1.3844042324828
4.6640000000000	-1.3913395204923
4.6680000000000	-1.3983778133946
4.6720000000000	-1.4055211667486
4.6760000000000	-1.4127716728162
4.6800000000000	-1.4201314610497
4.6840000000000	-1.4276026985797
4.6880000000000	-1.4351875907043
4.6920000000000	-1.4428883813778
4.6960000000000	-1.4507073537001
4.7000000000000	-1.4586468304056
4.7040000000000	-1.4667091743511
4.7080000000000	-1.4748967890031
4.7120000000000	-1.4832121189237
4.7160000000000	-1.4916576502542
4.7200000000000	-1.5002359111972
4.7240000000000	-1.5089494724955
4.7280000000000	-1.5178009479085
4.7320000000000	-1.5267929946845
4.7360000000000	-1.5359283140294
4.7400000000000	-1.5452096515710
4.7440000000000	-1.5546397978176
4.7480000000000	-1.5642215886123
4.7520000000000	-1.5739579055802
4.7560000000000	-1.5838516765694
4.7600000000000	-1.5939058760846
4.7640000000000	-1.6041235257135
4.7680000000000	-1.6145076945437
4.7720000000000	-1.6250614995718
4.7760000000000	-1.6357881061019
4.7800000000000	-1.6466907281340
4.7840000000000	-1.6577726287417
4.7880000000000	-1.6690371204373
4.7920000000000	-1.6804875655255
4.7960000000000	-1.6921273764427
4.8000000000000	-1.7039600160836
4.8040000000000	-1.7159889981119
4.8080000000000	-1.7282178872564
4.8120000000000	-1.7406502995896
4.8160000000000	-1.7532899027907
4.8200000000000	-1.7661404163893
4.8240000000000	-1.7792056119907
4.8280000000000	-1.7924893134820
4.8320000000000	-1.8059953972165
4.8360000000000	-1.8197277921780
4.8400000000000	-1.8336904801220
4.8440000000000	-1.8478874956937
4.8480000000000	-1.8623229265220
4.8520000000000	-1.8770009132887
4.8560000000000	-1.8919256497715
4.8600000000000	-1.9071013828603
4.8640000000000	-1.9225324125453
4.8680000000000	-1.9382230918775
4.8720000000000	-1.9541778268982
4.8760000000000	-1.9704010765394
4.8800000000000	-1.9868973524919
4.8840000000000	-2.0036712190411
4.8880000000000	-2.0207272928708
4.8920000000000	-2.0380702428315
4.8960000000000	-2.0557047896749
4.9000000000000	-2.0736357057523
4.9040000000000	-2.0918678146769
4.9080000000000	-2.1104059909483
4.9120000000000	-2.1292551595399
4.9160000000000	-2.1484202954464
4.9200000000000	-2.1679064231932
4.9240000000000	-2.1877186163050
4.9280000000000	-2.2078619967341
4.9320000000000	-2.2283417342473
4.9360000000000	-2.2491630457714
4.9400000000000	-2.2703311946967
4.9440000000000	-2.2918514901372
4.9480000000000	-2.3137292861494
4.9520000000000	-2.3359699809061
4.9560000000000	-2.3585790158286
4.9600000000000	-2.3815618746748
4.9640000000000	-2.4049240825829
4.9680000000000	-2.4286712050731
4.9720000000000	-2.4528088470053
4.9760000000000	-2.4773426514929
4.9800000000000	-2.5022782987748
4.9840000000000	-2.5276215050440
4.9880000000000	-2.5533780212351
4.9920000000000	-2.5795536317688
4.9960000000000	-2.6061541532576
5.0000000000000	-2.6331854331692
